0.375124	
0.411798	
0.452057	
0.496252	
0.544768	
0.598027	
0.656493	
0.720675	
0.791132	
0.868477	
0.953383	
1.04659	
1.14891	
1.26123	
1.38454	
1.5199	
1.66849	
1.83161	
2.01068	
2.20725	
2.42304	
2.65993	
2.91998	
3.20545	
3.51883	
3.86284	
4.24049	
4.65506	
5.11017	
5.60976	
6.1582	
6.76025	
7.42117	
8.14669	
8.94315	
9.81748	
10.7773	
11.8309	
12.9876	
14.2573	
15.6512	
17.1813	
18.861	
20.705	
22.7292	
24.9513	
27.3906	
30.0685	
33.0081	
36.2352	
39.7777	
43.6665	
47.9356	
52.622	
57.7666	
63.4141	
69.6138	
76.4196	
83.8907	
92.0923	
101.096	
110.979	
121.829	
133.74	
146.815	
161.168	
176.925	
194.222	
213.21	
234.054	
256.936	
282.056	
309.631	
339.902	
373.132	
409.611	
449.657	
493.617	
541.876	
594.852	
653.008	
716.849	
786.932	
863.866	
948.322	
1041.03	
1142.81	
1254.54	
1377.19	
1511.83	
1659.63	
1821.88	
2000	

